33 105
66 67
11 66
33 69
33 106
2 4
33 43
63 64
3 163
35 42
92 94
163 164
35 50
158 161
64 65
35 43
78 149
57 176
2 7
3 101
3 169
35 52
35 45
132 159
35 44
118 119
2 5
35 51
141 143
7 123
38 64
35 46
141 142
52 156
103 104
2 6
48 144
39 96
6 35
123 124
11 77
3 7
3 167
11 78
3 168
68 69
11 13
22 145
121 122
3 165
3 81
3 166
83 132
152 153
35 53
35 54
35 40
35 41
15 92
11 79
10 13
10 12
3 63
35 57
35 55
9 10
35 56
35 37
11 72
3 146
35 58
115 139
8 35
75 129
14 88
34 35
3 127
23 61
11 81
132 158
11 85
11 86
11 80
3 152
35 39
35 38
11 87
17 98
132 157
68 70
2 8
10 18
10 17
9 11
10 16
7 11
19 100
5 10
35 59
73 91
36 62
11 75
3 104
33 115
33 114
33 111
33 113
41 120
93 132
11 84
130 132
47 140
7 173
143 162
10 15
3 134
11 82
11 83
106 125
10 14
8 11
11 76
35 36
33 116
8 64
11 65
74 92
7 33
10 20
50 151
11 74
10 19
10 27
3 95
86 143
85 143
29 98
7 88
7 64
76 138
80 143
113 125
37 90
92 95
130 131
8 33
70 132
11 73
11 58
55 175
4 11
7 145
10 21
16 97
33 110
20 103
51 155
68 72
10 29
167 172
3 121
42 126
101 102
10 28
25 133
133 134
46 136
21 123
114 150
1 2
45 135
165 171
10 30
3 71
8 67
18 99
12 68
107 137
44 133
33 112
3 89
24 64
35 48
3 124
8 91
92 93
7 103
33 94
1 3
31 32
33 109
53 174
60 61
10 23
68 71
10 22
127 128
3 118
88 89
33 79
40 117
26 33
35 47
7 10
82 137
28 177
8 179
8 180
8 178
35 49
145 146
10 24
3 84
10 26
49 148
10 25
109 150
33 108
112 170
157 160
110 154
108 139
77 147
33 107
31 33
3 105
7 133
3 60