132 133
41 65
5 8
90 91
17 20
7 9
24 68
38 53
16 17
33 54
100 105
34 36
57 58
33 36
35 99
30 43
23 31
111 113
78 81
36 57
27 68
2 85
30 104
92 93
33 50
15 75
30 94
29 47
30 105
27 71
60 89
127 130
96 97
36 37
22 129
7 131
29 45
33 51
39 53
68 71
7 8
95 96
33 38
7 10
65 66
129 130
1 3
5 10
69 71
93 95
41 51
49 83
19 68
114 115
18 24
44 48
35 101
35 116
29 57
50 54
23 25
36 94
16 22
38 56
94 99
71 72
112 115
23 28
29 44
75 77
27 69
20 137
66 67
92 96
99 100
73 111
43 51
16 20
30 99
93 96
121 122
3 87
24 70
96 105
1 2
33 57
24 43
49 84
62 64
19 57
41 50
44 45
17 21
30 96
10 11
3 4
2 87
29 58
30 36
17 18
107 138
41 43
2 86
34 37
25 107
30 31
74 75
40 41
35 37
9 10
25 27
26 84
19 70
16 18
30 100
25 109
22 134
62 63
58 61
40 44
74 77
86 87
33 55
114 141
138 139
21 24
35 54
41 52
75 76
38 54
33 39
44 47
24 26
127 129
57 61
45 48
35 102
41 67
33 58
66 136
36 58
19 58
68 72
30 92
123 124
9 11
60 88
23 29
111 112
35 92
35 93
35 94
33 33
30 44
30 102
13 125
109 132
53 55
16 19
15 77
23 24
107 124
43 52
16 21
33 56
17 19
128 129
131 142
25 125
24 25
118 119
19 110
44 49
39 54
25 124
15 76
96 104
5 14
85 87
69 72
1 4
5 12
4 87
96 102
35 100
56 91
54 117
17 22
5 6
68 70
57 59
118 122
78 80
30 97
19 109
54 116
17 137
38 55
34 35
5 15
33 117
49 79
35 117
73 112
38 39
109 133
15 74
61 64
85 86
53 54
128 130
118 121
92 95
81 109
106 107
73 115
24 109
2 3
33 35
30 35
63 64
129 134
58 59
50 51
3 86
5 9
120 122
45 46
41 44
27 28
68 69
82 83
118 120
45 47
52 140
25 123
23 32
42 44
19 24
78 79
4 85
25 106
49 82
61 62
120 121
109 110
2 79
24 32
30 103
96 99
6 8
29 46
44 46
5 11
23 26
40 43
30 45
93 97
24 108
104 105
67 136
35 96
24 110
54 126
42 43
4 86
33 116
107 123
97 98
7 11
43 45
43 44
8 9
25 110
96 98
100 104
35 126
127 128
79 119
5 13
35 36
107 139
17 24
26 80
32 108
5 7
61 63
69 70
35 105
30 98
96 100
58 60
23 30
116 117
36 99
8 13
26 49
27 70
57 60
31 32
23 27
43 49
40 42
73 114
4 81
2 4
30 93
94 96
30 95
30 41
15 73
30 47
56 90
33 34
66 135
30 33
94 95
29 48
93 98
35 104
18 19
73 113
33 53
51 54
30 101
79 118
43 50
24 27
28 31
67 135
29 30
19 25
41 42
33 37
54 55
3 85
35 95
92 94
93 94
41 66
