262 353
268 358
36 50
181 308
188 190
253 254
153 154
172 175
108 109
176 178
307 347
274 277
210 211
195 197
73 75
150 151
347 359
86 88
29 31
106 108
170 171
148 231
247 248
257 267
216 230
148 150
131 132
6 16
36 38
21 29
300 301
284 285
259 332
15 16
162 170
3 6
314 318
262 357
105 106
43 55
250 251
333 351
351 352
98 118
22 304
315 333
147 148
323 324
177 182
90 337
191 192
196 197
159 160
181 306
173 180
48 49
309 335
214 215
114 115
294 297
62 67
178 179
67 90
177 180
193 200
223 226
229 230
129 131
69 71
159 161
105 109
4 8
52 53
249 251
125 126
216 237
26 27
159 163
239 240
155 156
70 73
114 117
315 330
354 355
183 184
80 81
252 253
350 352
109 110
310 315
146 158
56 57
216 238
97 98
116 117
187 190
251 252
276 354
162 174
170 173
25 26
182 202
168 174
31 32
61 62
296 297
329 332
87 88
173 310
19 32
95 96
306 347
36 39
158 159
194 195
4 5
200 209
43 44
238 257
149 153
75 77
13 14
262 315
92 97
215 216
134 136
62 63
289 290
75 80
264 265
29 30
23 56
66 67
175 311
51 77
24 25
284 286
315 327
315 332
306 307
279 331
220 221
7 18
140 142
262 333
41 42
128 133
36 41
62 65
205 206
16 18
255 261
67 75
121 122
37 39
206 208
291 298
245 246
313 314
146 159
59 60
221 222
134 135
315 325
90 91
262 308
244 245
216 217
184 185
16 17
133 134
112 113
31 34
133 141
37 38
9 10
211 214
52 54
340 341
277 279
187 188
36 40
227 228
350 351
140 145
262 359
193 199
69 70
68 102
214 220
59 61
78 79
254 255
344 345
130 131
349 350
30 57
321 322
337 338
165 168
68 89
143 144
193 195
315 326
145 146
273 274
175 309
260 358
306 346
47 48
203 212
315 329
92 101
181 309
18 24
45 46
259 262
53 77
238 242
238 256
38 39
93 94
257 260
231 234
7 29
309 315
242 347
330 343
185 186
14 16
83 85
120 121
11 16
103 339
124 125
261 262
46 47
146 149
174 182
231 232
258 259
238 239
73 74
139 140
6 7
92 102
293 294
185 187
63 64
80 82
285 286
355 357
85 86
314 319
12 13
42 43
138 139
171 174
272 273
157 158
165 167
315 331
172 173
257 259
208 209
175 315
333 352
222 223
170 172
216 233
277 278
171 177
287 288
148 149
78 80
223 231
152 153
301 340
80 83
268 315
289 291
260 347
129 133
172 174
23 25
216 236
4 6
86 92
146 147
36 37
212 332
268 332
57 62
202 203
355 356
162 168
164 171
94 95
187 189
180 181
18 21
58 59
181 305
353 354
92 100
314 317
322 323
114 116
112 114
263 264
206 207
171 176
146 148
219 260
228 229
156 157
248 249
242 351
126 127
10 11
327 328
270 271
119 120
123 143
96 97
199 201
299 342
43 81
64 299
140 146
31 33
224 225
264 266
216 234
269 270
217 219
192 207
116 124
66 75
162 172
257 258
163 164
277 280
279 281
19 20
266 267
67 88
53 78
243 244
92 99
280 282
211 212
303 304
262 344
171 173
271 272
181 307
118 119
288 289
240 241
282 283
224 226
165 166
310 324
175 313
72 73
275 276
249 250
75 76
301 302
1 3
339 340
84 85
109 112
108 111
136 137
246 247
267 268
295 296
106 107
18 22
104 105
292 293
348 349
3 4
320 321
286 287
1 2
212 299
201 210
242 352
7 28
126 128
195 198
35 36
36 52
329 338
212 213
89 102
126 129
291 297
103 329
334 336
75 89
311 312
16 19
55 79
161 162
122 123
34 35
190 191
309 334
223 227
62 66
298 300
330 344
47 75
217 218
191 193
232 235
204 205
262 268
57 60
336 337
140 141
348 350
36 45
314 316
50 51
62 68
18 23
142 143
220 223
89 103
168 169
